date,period,value,field,symbol
2014-04-22,201401,0.09579,YOYLiability,sz000777
2014-04-22,201401,0.421815,liabilityToAsset,sz000777
2014-04-22,201401,1.729549,assetToEquity,sz000777
2014-04-22,201401,-0.372773,CFOToOR,sz000777
2014-04-22,201401,-6.319106,CFOToNP,sz000777
2014-04-22,201401,-0.372773,CFOToGr,sz000777
2014-04-22,201401,0.051535,YOYEquity,sz000777
2014-04-22,201401,1.806,YOYNI,sz000777
2014-04-22,201401,1.955932,YOYEPSBasic,sz000777
2014-04-22,201401,1.957884,YOYPNI,sz000777
2014-04-22,201401,0.017999,roeAvg,sz000777
2014-04-22,201401,0.058991,npMargin,sz000777
2014-04-22,201401,17649043.12,netProfit,sz000777
2014-04-22,201401,0.359477,epsTTM,sz000777
2014-04-22,201401,,MBRevenue,sz000777
2014-04-22,201401,213009774.0,totalShare,sz000777
2014-04-22,201401,212972776.0,liqaShare,sz000777
2014-04-22,201401,0.017999,dupontROE,sz000777
2014-04-22,201401,1.791481,dupontAssetStoEquity,sz000777
2014-04-22,201401,0.161894,dupontAssetTurn,sz000777
2014-04-22,201401,1.051984,dupontPnitoni,sz000777
2014-04-22,201401,0.058991,dupontNitogr,sz000777
2014-04-22,201401,0.826098,dupontTaxBurden,sz000777
2014-04-22,201401,0.161894,AssetTurnRatio,sz000777
2015-04-30,201501,-0.117252,YOYLiability,sz000777
2015-04-30,201501,0.38087,liabilityToAsset,sz000777
2015-04-30,201501,1.615169,assetToEquity,sz000777
2015-04-30,201501,-0.348027,CFOToOR,sz000777
2015-04-30,201501,-5.332159,CFOToNP,sz000777
2015-04-30,201501,-0.348027,CFOToGr,sz000777
2015-04-30,201501,0.049522,YOYEquity,sz000777
2015-04-30,201501,0.042407,YOYNI,sz000777
2015-04-30,201501,0.049587,YOYEPSBasic,sz000777
2015-04-30,201501,0.048885,YOYPNI,sz000777
2015-04-30,201501,0.017988,roeAvg,sz000777
2015-04-30,201501,0.06527,npMargin,sz000777
2015-04-30,201501,18397478.37,netProfit,sz000777
2015-04-30,201501,0.189988,epsTTM,sz000777
2015-04-30,201501,,MBRevenue,sz000777
2015-04-30,201501,383417593.0,totalShare,sz000777
2015-04-30,201501,383350922.0,liqaShare,sz000777
2015-04-30,201501,0.017988,dupontROE,sz000777
2015-04-30,201501,1.683473,dupontAssetStoEquity,sz000777
2015-04-30,201501,0.154653,dupontAssetTurn,sz000777
2015-04-30,201501,1.058522,dupontPnitoni,sz000777
2015-04-30,201501,0.065269,dupontNitogr,sz000777
2015-04-30,201501,0.85989,dupontTaxBurden,sz000777
2015-04-30,201501,0.154653,AssetTurnRatio,sz000777
2016-04-28,201601,-0.112404,YOYLiability,sz000777
2016-04-28,201601,0.341871,liabilityToAsset,sz000777
2016-04-28,201601,1.519458,assetToEquity,sz000777
2016-04-28,201601,-0.294021,CFOToOR,sz000777
2016-04-28,201601,-6.114314,CFOToNP,sz000777
2016-04-28,201601,-0.294021,CFOToGr,sz000777
2016-04-28,201601,0.055817,YOYEquity,sz000777
2016-04-28,201601,-0.405877,YOYNI,sz000777
2016-04-28,201601,-0.370079,YOYEPSBasic,sz000777
2016-04-28,201601,-0.370006,YOYPNI,sz000777
2016-04-28,201601,0.010697,roeAvg,sz000777
2016-04-28,201601,0.048087,npMargin,sz000777
2016-04-28,201601,10930358.69,netProfit,sz000777
2016-04-28,201601,0.207194,epsTTM,sz000777
2016-04-28,201601,,MBRevenue,sz000777
2016-04-28,201601,383417593.0,totalShare,sz000777
2016-04-28,201601,383360292.0,liqaShare,sz000777
2016-04-28,201601,0.010697,dupontROE,sz000777
2016-04-28,201601,1.614855,dupontAssetStoEquity,sz000777
2016-04-28,201601,0.122726,dupontAssetTurn,sz000777
2016-04-28,201601,1.122433,dupontPnitoni,sz000777
2016-04-28,201601,0.048087,dupontNitogr,sz000777
2016-04-28,201601,0.905346,dupontTaxBurden,sz000777
2016-04-28,201601,0.122726,AssetTurnRatio,sz000777
2017-04-29,201701,-0.051482,YOYLiability,sz000777
2017-04-29,201701,0.313998,liabilityToAsset,sz000777
2017-04-29,201701,1.457723,assetToEquity,sz000777
2017-04-29,201701,-0.305969,CFOToOR,sz000777
2017-04-29,201701,,CFOToNP,sz000777
2017-04-29,201701,-0.305969,CFOToGr,sz000777
2017-04-29,201701,0.095929,YOYEquity,sz000777
2017-04-29,201701,-2.262585,YOYNI,sz000777
2017-04-29,201701,-2.0875,YOYEPSBasic,sz000777
2017-04-29,201701,-2.089017,YOYPNI,sz000777
2017-04-29,201701,-0.010524,roeAvg,sz000777
2017-04-29,201701,-0.128843,npMargin,sz000777
2017-04-29,201701,-13800511.74,netProfit,sz000777
2017-04-29,201701,0.208111,epsTTM,sz000777
2017-04-29,201701,,MBRevenue,sz000777
2017-04-29,201701,383417593.0,totalShare,sz000777
2017-04-29,201701,383406451.0,liqaShare,sz000777
2017-04-29,201701,-0.010524,dupontROE,sz000777
2017-04-29,201701,1.491088,dupontAssetStoEquity,sz000777
2017-04-29,201701,0.056583,dupontAssetTurn,sz000777
2017-04-29,201701,0.968131,dupontPnitoni,sz000777
2017-04-29,201701,-0.128843,dupontNitogr,sz000777
2017-04-29,201701,1.054851,dupontTaxBurden,sz000777
2017-04-29,201701,0.056583,AssetTurnRatio,sz000777
2018-04-27,201801,0.351558,YOYLiability,sz000777
2018-04-27,201801,0.383409,liabilityToAsset,sz000777
2018-04-27,201801,1.621821,assetToEquity,sz000777
2018-04-27,201801,-0.678822,CFOToOR,sz000777
2018-04-27,201801,,CFOToNP,sz000777
2018-04-27,201801,-0.678822,CFOToGr,sz000777
2018-04-27,201801,-0.001987,YOYEquity,sz000777
2018-04-27,201801,-0.137287,YOYNI,sz000777
2018-04-27,201801,-0.175287,YOYEPSBasic,sz000777
2018-04-27,201801,-0.174724,YOYPNI,sz000777
2018-04-27,201801,-0.012362,roeAvg,sz000777
2018-04-27,201801,-0.09751,npMargin,sz000777
2018-04-27,201801,-15695141.1,netProfit,sz000777
2018-04-27,201801,0.110132,epsTTM,sz000777
2018-04-27,201801,,MBRevenue,sz000777
2018-04-27,201801,383417593.0,totalShare,sz000777
2018-04-27,201801,383406551.0,liqaShare,sz000777
2018-04-27,201801,-0.012362,dupontROE,sz000777
2018-04-27,201801,1.62527,dupontAssetStoEquity,sz000777
2018-04-27,201801,0.078004,dupontAssetTurn,sz000777
2018-04-27,201801,1.0,dupontPnitoni,sz000777
2018-04-27,201801,-0.09751,dupontNitogr,sz000777
2018-04-27,201801,1.042161,dupontTaxBurden,sz000777
2018-04-27,201801,0.078004,AssetTurnRatio,sz000777
2019-04-30,201901,0.059402,YOYLiability,sz000777
2019-04-30,201901,0.378194,liabilityToAsset,sz000777
2019-04-30,201901,1.60822,assetToEquity,sz000777
2019-04-30,201901,-0.407401,CFOToOR,sz000777
2019-04-30,201901,-10.158696,CFOToNP,sz000777
2019-04-30,201901,-0.407401,CFOToGr,sz000777
2019-04-30,201901,0.090957,YOYEquity,sz000777
2019-04-30,201901,1.780869,YOYNI,sz000777
2019-04-30,201901,1.782396,YOYEPSBasic,sz000777
2019-04-30,201901,1.780869,YOYPNI,sz000777
2019-04-30,201901,0.008967,roeAvg,sz000777
2019-04-30,201901,0.040104,npMargin,sz000777
2019-04-30,201901,12255851.56,netProfit,sz000777
2019-04-30,201901,0.341501,epsTTM,sz000777
2019-04-30,201901,,MBRevenue,sz000777
2019-04-30,201901,383417593.0,totalShare,sz000777
2019-04-30,201901,383406551.0,liqaShare,sz000777
2019-04-30,201901,0.008967,dupontROE,sz000777
2019-04-30,201901,1.634884,dupontAssetStoEquity,sz000777
2019-04-30,201901,0.136771,dupontAssetTurn,sz000777
2019-04-30,201901,1.0,dupontPnitoni,sz000777
2019-04-30,201901,0.040104,dupontNitogr,sz000777
2019-04-30,201901,1.135324,dupontTaxBurden,sz000777
2019-04-30,201901,0.136771,AssetTurnRatio,sz000777
2020-04-30,202001,0.029745,YOYLiability,sz000777
2020-04-30,202001,0.3732,liabilityToAsset,sz000777
2020-04-30,202001,1.595405,assetToEquity,sz000777
2020-04-30,202001,-0.412147,CFOToOR,sz000777
2020-04-30,202001,,CFOToNP,sz000777
2020-04-30,202001,-0.412147,CFOToGr,sz000777
2020-04-30,202001,0.051907,YOYEquity,sz000777
2020-04-30,202001,-2.481977,YOYNI,sz000777
2020-04-30,202001,-2.48125,YOYEPSBasic,sz000777
2020-04-30,202001,-2.481977,YOYPNI,sz000777
2020-04-30,202001,-0.012439,roeAvg,sz000777
2020-04-30,202001,-0.138515,npMargin,sz000777
2020-04-30,202001,-18162885.82,netProfit,sz000777
2020-04-30,202001,0.27474,epsTTM,sz000777
2020-04-30,202001,,MBRevenue,sz000777
2020-04-30,202001,383417593.0,totalShare,sz000777
2020-04-30,202001,383406551.0,liqaShare,sz000777
2020-04-30,202001,-0.012439,dupontROE,sz000777
2020-04-30,202001,1.619093,dupontAssetStoEquity,sz000777
2020-04-30,202001,0.055465,dupontAssetTurn,sz000777
2020-04-30,202001,1.0,dupontPnitoni,sz000777
2020-04-30,202001,-0.138515,dupontNitogr,sz000777
2020-04-30,202001,0.98438,dupontTaxBurden,sz000777
2020-04-30,202001,0.055465,AssetTurnRatio,sz000777
2021-04-28,202101,0.210305,YOYLiability,sz000777
2021-04-28,202101,0.401986,liabilityToAsset,sz000777
2021-04-28,202101,1.672202,assetToEquity,sz000777
2021-04-28,202101,-0.044159,CFOToOR,sz000777
2021-04-28,202101,,CFOToNP,sz000777
2021-04-28,202101,-0.044159,CFOToGr,sz000777
2021-04-28,202101,0.072032,YOYEquity,sz000777
2021-04-28,202101,0.718231,YOYNI,sz000777
2021-04-28,202101,0.719409,YOYEPSBasic,sz000777
2021-04-28,202101,0.718231,YOYPNI,sz000777
2021-04-28,202101,-0.003306,roeAvg,sz000777
2021-04-28,202101,-0.019662,npMargin,sz000777
2021-04-28,202101,-5117741.01,netProfit,sz000777
2021-04-28,202101,0.306911,epsTTM,sz000777
2021-04-28,202101,,MBRevenue,sz000777
2021-04-28,202101,383417593.0,totalShare,sz000777
2021-04-28,202101,383406551.0,liqaShare,sz000777
2021-04-28,202101,-0.003306,dupontROE,sz000777
2021-04-28,202101,1.635306,dupontAssetStoEquity,sz000777
2021-04-28,202101,0.102812,dupontAssetTurn,sz000777
2021-04-28,202101,1.0,dupontPnitoni,sz000777
2021-04-28,202101,-0.019662,dupontNitogr,sz000777
2021-04-28,202101,1.104456,dupontTaxBurden,sz000777
2021-04-28,202101,0.102812,AssetTurnRatio,sz000777
2022-04-27,202201,0.17885,YOYLiability,sz000777
2022-04-27,202201,0.428388,liabilityToAsset,sz000777
2022-04-27,202201,1.74944,assetToEquity,sz000777
2022-04-27,202201,-1.156653,CFOToOR,sz000777
2022-04-27,202201,,CFOToNP,sz000777
2022-04-27,202201,-1.156653,CFOToGr,sz000777
2022-04-27,202201,0.057357,YOYEquity,sz000777
2022-04-27,202201,-1.865339,YOYNI,sz000777
2022-04-27,202201,-3.0,YOYEPSBasic,sz000777
2022-04-27,202201,-1.865339,YOYPNI,sz000777
2022-04-27,202201,-0.008873,roeAvg,sz000777
2022-04-27,202201,-0.074228,npMargin,sz000777
2022-04-27,202201,-14664063.11,netProfit,sz000777
2022-04-27,202201,0.286041,epsTTM,sz000777
2022-04-27,202201,,MBRevenue,sz000777
2022-04-27,202201,386597593.0,totalShare,sz000777
2022-04-27,202201,383406551.0,liqaShare,sz000777
2022-04-27,202201,-0.008873,dupontROE,sz000777
2022-04-27,202201,1.755189,dupontAssetStoEquity,sz000777
2022-04-27,202201,0.068102,dupontAssetTurn,sz000777
2022-04-27,202201,1.0,dupontPnitoni,sz000777
2022-04-27,202201,-0.074228,dupontNitogr,sz000777
2022-04-27,202201,1.056889,dupontTaxBurden,sz000777
2022-04-27,202201,0.068102,AssetTurnRatio,sz000777
2014-08-19,201402,0.037766,YOYLiability,sz000777
2014-08-19,201402,0.433285,liabilityToAsset,sz000777
2014-08-19,201402,1.764557,assetToEquity,sz000777
2014-08-19,201402,-0.128779,CFOToOR,sz000777
2014-08-19,201402,-2.022112,CFOToNP,sz000777
2014-08-19,201402,-0.128779,CFOToGr,sz000777
2014-08-19,201402,0.048541,YOYEquity,sz000777
2014-08-19,201402,0.106663,YOYNI,sz000777
2014-08-19,201402,0.160736,YOYEPSBasic,sz000777
2014-08-19,201402,0.161194,YOYPNI,sz000777
2014-08-19,201402,0.035238,roeAvg,sz000777
2014-08-19,201402,0.063685,npMargin,sz000777
2014-08-19,201402,34215978.53,netProfit,sz000777
2014-08-19,201402,0.180794,epsTTM,sz000777
2014-08-19,201402,535887959.64,MBRevenue,sz000777
2014-08-19,201402,383417593.0,totalShare,sz000777
2014-08-19,201402,383350997.0,liqaShare,sz000777
2014-08-19,201402,0.035238,dupontROE,sz000777
2014-08-19,201402,1.808867,dupontAssetStoEquity,sz000777
2014-08-19,201402,0.288434,dupontAssetTurn,sz000777
2014-08-19,201402,1.060521,dupontPnitoni,sz000777
2014-08-19,201402,0.063685,dupontNitogr,sz000777
2014-08-19,201402,0.868276,dupontTaxBurden,sz000777
2014-08-19,201402,0.288434,AssetTurnRatio,sz000777
2015-08-18,201502,-0.157127,YOYLiability,sz000777
2015-08-18,201502,0.380981,liabilityToAsset,sz000777
2015-08-18,201502,1.61546,assetToEquity,sz000777
2015-08-18,201502,-0.105199,CFOToOR,sz000777
2015-08-18,201502,-1.67207,CFOToNP,sz000777
2015-08-18,201502,-0.105199,CFOToGr,sz000777
2015-08-18,201502,0.049589,YOYEquity,sz000777
2015-08-18,201502,-0.04117,YOYNI,sz000777
2015-08-18,201502,-0.035941,YOYEPSBasic,sz000777
2015-08-18,201502,-0.03665,YOYPNI,sz000777
2015-08-18,201502,0.032344,roeAvg,sz000777
2015-08-18,201502,0.062915,npMargin,sz000777
2015-08-18,201502,32807305.95,netProfit,sz000777
2015-08-18,201502,0.184153,epsTTM,sz000777
2015-08-18,201502,518700712.56,MBRevenue,sz000777
2015-08-18,201502,383417593.0,totalShare,sz000777
2015-08-18,201502,383360292.0,liqaShare,sz000777
2015-08-18,201502,0.032344,dupontROE,sz000777
2015-08-18,201502,1.682939,dupontAssetStoEquity,sz000777
2015-08-18,201502,0.286684,dupontAssetTurn,sz000777
2015-08-18,201502,1.06552,dupontPnitoni,sz000777
2015-08-18,201502,0.062915,dupontNitogr,sz000777
2015-08-18,201502,0.884196,dupontTaxBurden,sz000777
2015-08-18,201502,0.286684,AssetTurnRatio,sz000777
2016-08-23,201602,-0.076871,YOYLiability,sz000777
2016-08-23,201602,0.350829,liabilityToAsset,sz000777
2016-08-23,201602,1.540426,assetToEquity,sz000777
2016-08-23,201602,-0.146574,CFOToOR,sz000777
2016-08-23,201602,-2.311285,CFOToNP,sz000777
2016-08-23,201602,-0.146574,CFOToGr,sz000777
2016-08-23,201602,0.055606,YOYEquity,sz000777
2016-08-23,201602,-0.140835,YOYNI,sz000777
2016-08-23,201602,-0.135965,YOYEPSBasic,sz000777
2016-08-23,201602,-0.135355,YOYPNI,sz000777
2016-08-23,201602,0.026401,roeAvg,sz000777
2016-08-23,201602,0.063417,npMargin,sz000777
2016-08-23,201602,28186888.34,netProfit,sz000777
2016-08-23,201602,0.213647,epsTTM,sz000777
2016-08-23,201602,438335996.62,MBRevenue,sz000777
2016-08-23,201602,383417593.0,totalShare,sz000777
2016-08-23,201602,383358954.0,liqaShare,sz000777
2016-08-23,201602,0.026401,dupontROE,sz000777
2016-08-23,201602,1.625383,dupontAssetStoEquity,sz000777
2016-08-23,201602,0.238856,dupontAssetTurn,sz000777
2016-08-23,201602,1.072317,dupontPnitoni,sz000777
2016-08-23,201602,0.063417,dupontNitogr,sz000777
2016-08-23,201602,0.894513,dupontTaxBurden,sz000777
2016-08-23,201602,0.238856,AssetTurnRatio,sz000777
2017-08-29,201702,0.040172,YOYLiability,sz000777
2017-08-29,201702,0.345811,liabilityToAsset,sz000777
2017-08-29,201702,1.52861,assetToEquity,sz000777
2017-08-29,201702,-0.207701,CFOToOR,sz000777
2017-08-29,201702,-213.66209,CFOToNP,sz000777
2017-08-29,201702,-0.207701,CFOToGr,sz000777
2017-08-29,201702,0.083258,YOYEquity,sz000777
2017-08-29,201702,-0.988392,YOYNI,sz000777
2017-08-29,201702,-0.923858,YOYEPSBasic,sz000777
2017-08-29,201702,-0.923763,YOYPNI,sz000777
2017-08-29,201702,0.001829,roeAvg,sz000777
2017-08-29,201702,0.000972,npMargin,sz000777
2017-08-29,201702,327182.85,netProfit,sz000777
2017-08-29,201702,0.202134,epsTTM,sz000777
2017-08-29,201702,333310006.51,MBRevenue,sz000777
2017-08-29,201702,383417593.0,totalShare,sz000777
2017-08-29,201702,383406551.0,liqaShare,sz000777
2017-08-29,201702,0.001829,dupontROE,sz000777
2017-08-29,201702,1.525819,dupontAssetStoEquity,sz000777
2017-08-29,201702,0.175069,dupontAssetTurn,sz000777
2017-08-29,201702,7.042841,dupontPnitoni,sz000777
2017-08-29,201702,0.000972,dupontNitogr,sz000777
2017-08-29,201702,0.424141,dupontTaxBurden,sz000777
2017-08-29,201702,0.175069,AssetTurnRatio,sz000777
2018-08-28,201802,0.285014,YOYLiability,sz000777
2018-08-28,201802,0.397713,liabilityToAsset,sz000777
2018-08-28,201802,1.660339,assetToEquity,sz000777
2018-08-28,201802,-0.14915,CFOToOR,sz000777
2018-08-28,201802,-2.926602,CFOToNP,sz000777
2018-08-28,201802,-0.14915,CFOToGr,sz000777
2018-08-28,201802,0.030964,YOYEquity,sz000777
2018-08-28,201802,84.049198,YOYNI,sz000777
2018-08-28,201802,11.1,YOYEPSBasic,sz000777
2018-08-28,201802,11.075978,YOYPNI,sz000777
2018-08-28,201802,0.021729,roeAvg,sz000777
2018-08-28,201802,0.050964,npMargin,sz000777
2018-08-28,201802,27826639.12,netProfit,sz000777
2018-08-28,201802,0.182786,epsTTM,sz000777
2018-08-28,201802,543109702.31,MBRevenue,sz000777
2018-08-28,201802,383417593.0,totalShare,sz000777
2018-08-28,201802,383406551.0,liqaShare,sz000777
2018-08-28,201802,0.021729,dupontROE,sz000777
2018-08-28,201802,1.64468,dupontAssetStoEquity,sz000777
2018-08-28,201802,0.259239,dupontAssetTurn,sz000777
2018-08-28,201802,1.0,dupontPnitoni,sz000777
2018-08-28,201802,0.050964,dupontNitogr,sz000777
2018-08-28,201802,1.023633,dupontTaxBurden,sz000777
2018-08-28,201802,0.259239,AssetTurnRatio,sz000777
2019-08-27,201902,0.121102,YOYLiability,sz000777
2019-08-27,201902,0.410162,liabilityToAsset,sz000777
2019-08-27,201902,1.695381,assetToEquity,sz000777
2019-08-27,201902,-0.281339,CFOToOR,sz000777
2019-08-27,201902,-4.039471,CFOToNP,sz000777
2019-08-27,201902,-0.281339,CFOToGr,sz000777
2019-08-27,201902,0.072205,YOYEquity,sz000777
2019-08-27,201902,0.573644,YOYNI,sz000777
2019-08-27,201902,0.573003,YOYEPSBasic,sz000777
2019-08-27,201902,0.573644,YOYPNI,sz000777
2019-08-27,201902,0.032041,roeAvg,sz000777
2019-08-27,201902,0.069647,npMargin,sz000777
2019-08-27,201902,43789232.3,netProfit,sz000777
2019-08-27,201902,0.310233,epsTTM,sz000777
2019-08-27,201902,623487316.58,MBRevenue,sz000777
2019-08-27,201902,383417593.0,totalShare,sz000777
2019-08-27,201902,383406551.0,liqaShare,sz000777
2019-08-27,201902,0.032041,dupontROE,sz000777
2019-08-27,201902,1.678766,dupontAssetStoEquity,sz000777
2019-08-27,201902,0.274035,dupontAssetTurn,sz000777
2019-08-27,201902,1.0,dupontPnitoni,sz000777
2019-08-27,201902,0.069647,dupontNitogr,sz000777
2019-08-27,201902,1.04935,dupontTaxBurden,sz000777
2019-08-27,201902,0.274035,AssetTurnRatio,sz000777
2020-08-28,202002,0.065344,YOYLiability,sz000777
2020-08-28,202002,0.406706,liabilityToAsset,sz000777
2020-08-28,202002,1.685505,assetToEquity,sz000777
2020-08-28,202002,-0.143729,CFOToOR,sz000777
2020-08-28,202002,-2.975097,CFOToNP,sz000777
2020-08-28,202002,-0.143729,CFOToGr,sz000777
2020-08-28,202002,0.080693,YOYEquity,sz000777
2020-08-28,202002,-0.468542,YOYNI,sz000777
2020-08-28,202002,-0.468476,YOYEPSBasic,sz000777
2020-08-28,202002,-0.468542,YOYPNI,sz000777
2020-08-28,202002,0.015726,roeAvg,sz000777
2020-08-28,202002,0.048311,npMargin,sz000777
2020-08-28,202002,23272120.62,netProfit,sz000777
2020-08-28,202002,0.300565,epsTTM,sz000777
2020-08-28,202002,480266876.55,MBRevenue,sz000777
2020-08-28,202002,383417593.0,totalShare,sz000777
2020-08-28,202002,383406551.0,liqaShare,sz000777
2020-08-28,202002,0.015726,dupontROE,sz000777
2020-08-28,202002,1.664048,dupontAssetStoEquity,sz000777
2020-08-28,202002,0.195612,dupontAssetTurn,sz000777
2020-08-28,202002,1.0,dupontPnitoni,sz000777
2020-08-28,202002,0.048311,dupontNitogr,sz000777
2020-08-28,202002,1.016415,dupontTaxBurden,sz000777
2020-08-28,202002,0.195612,AssetTurnRatio,sz000777
2021-08-27,202102,0.158228,YOYLiability,sz000777
2021-08-27,202102,0.428898,liabilityToAsset,sz000777
2021-08-27,202102,1.750999,assetToEquity,sz000777
2021-08-27,202102,-0.166184,CFOToOR,sz000777
2021-08-27,202102,-6.767933,CFOToNP,sz000777
2021-08-27,202102,-0.166184,CFOToGr,sz000777
2021-08-27,202102,0.057218,YOYEquity,sz000777
2021-08-27,202102,-0.211451,YOYNI,sz000777
2021-08-27,202102,-0.212521,YOYEPSBasic,sz000777
2021-08-27,202102,-0.211451,YOYPNI,sz000777
2021-08-27,202102,0.011777,roeAvg,sz000777
2021-08-27,202102,0.024555,npMargin,sz000777
2021-08-27,202102,18351205.05,netProfit,sz000777
2021-08-27,202102,0.257914,epsTTM,sz000777
2021-08-27,202102,744127030.95,MBRevenue,sz000777
2021-08-27,202102,386597593.0,totalShare,sz000777
2021-08-27,202102,383406551.0,liqaShare,sz000777
2021-08-27,202102,0.011777,dupontROE,sz000777
2021-08-27,202102,1.675298,dupontAssetStoEquity,sz000777
2021-08-27,202102,0.286281,dupontAssetTurn,sz000777
2021-08-27,202102,1.0,dupontPnitoni,sz000777
2021-08-27,202102,0.024555,dupontNitogr,sz000777
2021-08-27,202102,1.080268,dupontTaxBurden,sz000777
2021-08-27,202102,0.286281,AssetTurnRatio,sz000777
2022-08-25,202202,0.085033,YOYLiability,sz000777
2022-08-25,202202,0.434262,liabilityToAsset,sz000777
2022-08-25,202202,1.767601,assetToEquity,sz000777
2022-08-25,202202,-0.47921,CFOToOR,sz000777
2022-08-25,202202,-16.738782,CFOToNP,sz000777
2022-08-25,202202,-0.47921,CFOToGr,sz000777
2022-08-25,202202,0.061566,YOYEquity,sz000777
2022-08-25,202202,-0.132291,YOYNI,sz000777
2022-08-25,202202,-0.2,YOYEPSBasic,sz000777
2022-08-25,202202,-0.132291,YOYPNI,sz000777
2022-08-25,202202,0.009553,roeAvg,sz000777
2022-08-25,202202,0.028629,npMargin,sz000777
2022-08-25,202202,15923504.43,netProfit,sz000777
2022-08-25,202202,0.304455,epsTTM,sz000777
2022-08-25,202202,556207532.09,MBRevenue,sz000777
2022-08-25,202202,386597593.0,totalShare,sz000777
2022-08-25,202202,383406551.0,liqaShare,sz000777
2022-08-25,202202,0.009553,dupontROE,sz000777
2022-08-25,202202,1.764234,dupontAssetStoEquity,sz000777
2022-08-25,202202,0.189147,dupontAssetTurn,sz000777
2022-08-25,202202,1.0,dupontPnitoni,sz000777
2022-08-25,202202,0.028629,dupontNitogr,sz000777
2022-08-25,202202,1.02168,dupontTaxBurden,sz000777
2022-08-25,202202,0.189147,AssetTurnRatio,sz000777
2014-10-25,201403,0.101224,YOYLiability,sz000777
2014-10-25,201403,0.445592,liabilityToAsset,sz000777
2014-10-25,201403,1.803727,assetToEquity,sz000777
2014-10-25,201403,-0.067043,CFOToOR,sz000777
2014-10-25,201403,-1.091128,CFOToNP,sz000777
2014-10-25,201403,-0.067043,CFOToGr,sz000777
2014-10-25,201403,0.049263,YOYEquity,sz000777
2014-10-25,201403,0.110194,YOYNI,sz000777
2014-10-25,201403,0.141541,YOYEPSBasic,sz000777
2014-10-25,201403,0.141244,YOYPNI,sz000777
2014-10-25,201403,0.050359,roeAvg,sz000777
2014-10-25,201403,0.061444,npMargin,sz000777
2014-10-25,201403,49753172.85,netProfit,sz000777
2014-10-25,201403,0.184526,epsTTM,sz000777
2014-10-25,201403,,MBRevenue,sz000777
2014-10-25,201403,383417593.0,totalShare,sz000777
2014-10-25,201403,383350997.0,liqaShare,sz000777
2014-10-25,201403,0.050359,dupontROE,sz000777
2014-10-25,201403,1.828707,dupontAssetStoEquity,sz000777
2014-10-25,201403,0.426684,dupontAssetTurn,sz000777
2014-10-25,201403,1.050392,dupontPnitoni,sz000777
2014-10-25,201403,0.061444,dupontNitogr,sz000777
2014-10-25,201403,0.885676,dupontTaxBurden,sz000777
2014-10-25,201403,0.426684,AssetTurnRatio,sz000777
2015-10-27,201503,-0.233635,YOYLiability,sz000777
2015-10-27,201503,0.370464,liabilityToAsset,sz000777
2015-10-27,201503,1.588472,assetToEquity,sz000777
2015-10-27,201503,-0.04901,CFOToOR,sz000777
2015-10-27,201503,-0.769095,CFOToNP,sz000777
2015-10-27,201503,-0.04901,CFOToGr,sz000777
2015-10-27,201503,0.048987,YOYEquity,sz000777
2015-10-27,201503,-0.021753,YOYNI,sz000777
2015-10-27,201503,-0.022744,YOYEPSBasic,sz000777
2015-10-27,201503,-0.022426,YOYPNI,sz000777
2015-10-27,201503,0.046919,roeAvg,sz000777
2015-10-27,201503,0.063724,npMargin,sz000777
2015-10-27,201503,48670873.34,netProfit,sz000777
2015-10-27,201503,0.184564,epsTTM,sz000777
2015-10-27,201503,,MBRevenue,sz000777
2015-10-27,201503,383417593.0,totalShare,sz000777
2015-10-27,201503,383360292.0,liqaShare,sz000777
2015-10-27,201503,0.046919,dupontROE,sz000777
2015-10-27,201503,1.668114,dupontAssetStoEquity,sz000777
2015-10-27,201503,0.420501,dupontAssetTurn,sz000777
2015-10-27,201503,1.04967,dupontPnitoni,sz000777
2015-10-27,201503,0.063724,dupontNitogr,sz000777
2015-10-27,201503,0.874515,dupontTaxBurden,sz000777
2015-10-27,201503,0.420501,AssetTurnRatio,sz000777
2016-10-27,201603,-0.192296,YOYLiability,sz000777
2016-10-27,201603,0.303328,liabilityToAsset,sz000777
2016-10-27,201603,1.435396,assetToEquity,sz000777
2016-10-27,201603,-0.134227,CFOToOR,sz000777
2016-10-27,201603,-1.968752,CFOToNP,sz000777
2016-10-27,201603,-0.134227,CFOToGr,sz000777
2016-10-27,201603,0.113428,YOYEquity,sz000777
2016-10-27,201603,-0.083449,YOYNI,sz000777
2016-10-27,201603,-0.075826,YOYEPSBasic,sz000777
2016-10-27,201603,-0.076119,YOYPNI,sz000777
2016-10-27,201603,0.03982,roeAvg,sz000777
2016-10-27,201603,0.068179,npMargin,sz000777
2016-10-27,201603,44609337.43,netProfit,sz000777
2016-10-27,201603,0.215845,epsTTM,sz000777
2016-10-27,201603,,MBRevenue,sz000777
2016-10-27,201603,383417593.0,totalShare,sz000777
2016-10-27,201603,383358954.0,liqaShare,sz000777
2016-10-27,201603,0.03982,dupontROE,sz000777
2016-10-27,201603,1.55552,dupontAssetStoEquity,sz000777
2016-10-27,201603,0.35487,dupontAssetTurn,sz000777
2016-10-27,201603,1.058064,dupontPnitoni,sz000777
2016-10-27,201603,0.068179,dupontNitogr,sz000777
2016-10-27,201603,0.914367,dupontTaxBurden,sz000777
2016-10-27,201603,0.35487,AssetTurnRatio,sz000777
2017-10-31,201703,0.295953,YOYLiability,sz000777
2017-10-31,201703,0.359169,liabilityToAsset,sz000777
2017-10-31,201703,1.560475,assetToEquity,sz000777
2017-10-31,201703,-0.259576,CFOToOR,sz000777
2017-10-31,201703,-88.936551,CFOToNP,sz000777
2017-10-31,201703,-0.259576,CFOToGr,sz000777
2017-10-31,201703,0.009882,YOYEquity,sz000777
2017-10-31,201703,-0.964414,YOYNI,sz000777
2017-10-31,201703,-0.898457,YOYEPSBasic,sz000777
2017-10-31,201703,-0.89835,YOYPNI,sz000777
2017-10-31,201703,0.003812,roeAvg,sz000777
2017-10-31,201703,0.002919,npMargin,sz000777
2017-10-31,201703,1587489.53,netProfit,sz000777
2017-10-31,201703,0.164366,epsTTM,sz000777
2017-10-31,201703,,MBRevenue,sz000777
2017-10-31,201703,383417593.0,totalShare,sz000777
2017-10-31,201703,383406551.0,liqaShare,sz000777
2017-10-31,201703,0.003812,dupontROE,sz000777
2017-10-31,201703,1.540919,dupontAssetStoEquity,sz000777
2017-10-31,201703,0.280433,dupontAssetTurn,sz000777
2017-10-31,201703,3.022284,dupontPnitoni,sz000777
2017-10-31,201703,0.002919,dupontNitogr,sz000777
2017-10-31,201703,1.039153,dupontTaxBurden,sz000777
2017-10-31,201703,0.280433,AssetTurnRatio,sz000777
2018-10-31,201803,0.265352,YOYLiability,sz000777
2018-10-31,201803,0.402527,liabilityToAsset,sz000777
2018-10-31,201803,1.673715,assetToEquity,sz000777
2018-10-31,201803,-0.120918,CFOToOR,sz000777
2018-10-31,201803,-1.870058,CFOToNP,sz000777
2018-10-31,201803,-0.120918,CFOToGr,sz000777
2018-10-31,201803,0.05414,YOYEquity,sz000777
2018-10-31,201803,32.878817,YOYNI,sz000777
2018-10-31,201803,10.224,YOYEPSBasic,sz000777
2018-10-31,201803,10.209672,YOYPNI,sz000777
2018-10-31,201803,0.041574,roeAvg,sz000777
2018-10-31,201803,0.06466,npMargin,sz000777
2018-10-31,201803,53782267.82,netProfit,sz000777
2018-10-31,201803,0.243978,epsTTM,sz000777
2018-10-31,201803,,MBRevenue,sz000777
2018-10-31,201803,383417593.0,totalShare,sz000777
2018-10-31,201803,383406551.0,liqaShare,sz000777
2018-10-31,201803,0.041574,dupontROE,sz000777
2018-10-31,201803,1.651655,dupontAssetStoEquity,sz000777
2018-10-31,201803,0.389279,dupontAssetTurn,sz000777
2018-10-31,201803,1.0,dupontPnitoni,sz000777
2018-10-31,201803,0.06466,dupontNitogr,sz000777
2018-10-31,201803,1.003427,dupontTaxBurden,sz000777
2018-10-31,201803,0.389279,AssetTurnRatio,sz000777
2019-10-30,201903,0.044255,YOYLiability,sz000777
2019-10-30,201903,0.395087,liabilityToAsset,sz000777
2019-10-30,201903,1.653131,assetToEquity,sz000777
2019-10-30,201903,-0.212153,CFOToOR,sz000777
2019-10-30,201903,-2.228983,CFOToNP,sz000777
2019-10-30,201903,-0.212153,CFOToGr,sz000777
2019-10-30,201903,0.0847,YOYEquity,sz000777
2019-10-30,201903,0.682531,YOYNI,sz000777
2019-10-30,201903,0.68211,YOYEPSBasic,sz000777
2019-10-30,201903,0.682531,YOYPNI,sz000777
2019-10-30,201903,0.065155,roeAvg,sz000777
2019-10-30,201903,0.095179,npMargin,sz000777
2019-10-30,201903,90490348.64,netProfit,sz000777
2019-10-30,201903,0.36434,epsTTM,sz000777
2019-10-30,201903,,MBRevenue,sz000777
2019-10-30,201903,383417593.0,totalShare,sz000777
2019-10-30,201903,383406551.0,liqaShare,sz000777
2019-10-30,201903,0.065155,dupontROE,sz000777
2019-10-30,201903,1.657426,dupontAssetStoEquity,sz000777
2019-10-30,201903,0.413019,dupontAssetTurn,sz000777
2019-10-30,201903,1.0,dupontPnitoni,sz000777
2019-10-30,201903,0.095179,dupontNitogr,sz000777
2019-10-30,201903,1.017522,dupontTaxBurden,sz000777
2019-10-30,201903,0.413019,AssetTurnRatio,sz000777
2020-10-30,202003,0.121696,YOYLiability,sz000777
2020-10-30,202003,0.413106,liabilityToAsset,sz000777
2020-10-30,202003,1.703885,assetToEquity,sz000777
2020-10-30,202003,-0.033797,CFOToOR,sz000777
2020-10-30,202003,-0.498948,CFOToNP,sz000777
2020-10-30,202003,-0.033797,CFOToGr,sz000777
2020-10-30,202003,0.040815,YOYEquity,sz000777
2020-10-30,202003,-0.416079,YOYNI,sz000777
2020-10-30,202003,-0.416102,YOYEPSBasic,sz000777
2020-10-30,202003,-0.416079,YOYPNI,sz000777
2020-10-30,202003,0.03581,roeAvg,sz000777
2020-10-30,202003,0.067737,npMargin,sz000777
2020-10-30,202003,52839255.71,netProfit,sz000777
2020-10-30,202003,0.255877,epsTTM,sz000777
2020-10-30,202003,,MBRevenue,sz000777
2020-10-30,202003,383417593.0,totalShare,sz000777
2020-10-30,202003,383406551.0,liqaShare,sz000777
2020-10-30,202003,0.03581,dupontROE,sz000777
2020-10-30,202003,1.673193,dupontAssetStoEquity,sz000777
2020-10-30,202003,0.315962,dupontAssetTurn,sz000777
2020-10-30,202003,1.0,dupontPnitoni,sz000777
2020-10-30,202003,0.067737,dupontNitogr,sz000777
2020-10-30,202003,0.987189,dupontTaxBurden,sz000777
2020-10-30,202003,0.315962,AssetTurnRatio,sz000777
2021-10-27,202103,0.17684,YOYLiability,sz000777
2021-10-27,202103,0.436181,liabilityToAsset,sz000777
2021-10-27,202103,1.773618,assetToEquity,sz000777
2021-10-27,202103,-0.091907,CFOToOR,sz000777
2021-10-27,202103,-1.92424,CFOToNP,sz000777
2021-10-27,202103,-0.091907,CFOToGr,sz000777
2021-10-27,202103,0.070762,YOYEquity,sz000777
2021-10-27,202103,-0.023668,YOYNI,sz000777
2021-10-27,202103,-0.026851,YOYEPSBasic,sz000777
2021-10-27,202103,-0.023668,YOYPNI,sz000777
2021-10-27,202103,0.032992,roeAvg,sz000777
2021-10-27,202103,0.047763,npMargin,sz000777
2021-10-27,202103,51588636.24,netProfit,sz000777
2021-10-27,202103,0.267408,epsTTM,sz000777
2021-10-27,202103,,MBRevenue,sz000777
2021-10-27,202103,386597593.0,totalShare,sz000777
2021-10-27,202103,383406551.0,liqaShare,sz000777
2021-10-27,202103,0.032992,dupontROE,sz000777
2021-10-27,202103,1.687009,dupontAssetStoEquity,sz000777
2021-10-27,202103,0.409446,dupontAssetTurn,sz000777
2021-10-27,202103,1.0,dupontPnitoni,sz000777
2021-10-27,202103,0.047763,dupontNitogr,sz000777
2021-10-27,202103,1.045085,dupontTaxBurden,sz000777
2021-10-27,202103,0.409446,AssetTurnRatio,sz000777
2022-10-27,202203,0.17536,YOYLiability,sz000777
2022-10-27,202203,0.463783,liabilityToAsset,sz000777
2022-10-27,202203,1.864915,assetToEquity,sz000777
2022-10-27,202203,-0.337116,CFOToOR,sz000777
2022-10-27,202203,-6.544938,CFOToNP,sz000777
2022-10-27,202203,-0.337116,CFOToGr,sz000777
2022-10-27,202203,0.051293,YOYEquity,sz000777
2022-10-27,202203,-0.182143,YOYNI,sz000777
2022-10-27,202203,-0.153846,YOYEPSBasic,sz000777
2022-10-27,202203,-0.182143,YOYPNI,sz000777
2022-10-27,202203,0.02535,roeAvg,sz000777
2022-10-27,202203,0.051508,npMargin,sz000777
2022-10-27,202203,42192108.75,netProfit,sz000777
2022-10-27,202203,0.287248,epsTTM,sz000777
2022-10-27,202203,,MBRevenue,sz000777
2022-10-27,202203,385494593.0,totalShare,sz000777
2022-10-27,202203,383406551.0,liqaShare,sz000777
2022-10-27,202203,0.02535,dupontROE,sz000777
2022-10-27,202203,1.812882,dupontAssetStoEquity,sz000777
2022-10-27,202203,0.271476,dupontAssetTurn,sz000777
2022-10-27,202203,1.0,dupontPnitoni,sz000777
2022-10-27,202203,0.051508,dupontNitogr,sz000777
2022-10-27,202203,1.026362,dupontTaxBurden,sz000777
2022-10-27,202203,0.271476,AssetTurnRatio,sz000777
2015-03-31,201404,-0.076468,YOYLiability,sz000777
2015-03-31,201404,0.390611,liabilityToAsset,sz000777
2015-03-31,201404,1.640988,assetToEquity,sz000777
2015-03-31,201404,-0.002617,CFOToOR,sz000777
2015-03-31,201404,-0.03831,CFOToNP,sz000777
2015-03-31,201404,-0.002617,CFOToGr,sz000777
2015-03-31,201404,0.049533,YOYEquity,sz000777
2015-03-31,201404,0.145028,YOYNI,sz000777
2015-03-31,201404,0.118664,YOYEPSBasic,sz000777
2015-03-31,201404,0.11908,YOYPNI,sz000777
2015-03-31,201404,0.06867,roeAvg,sz000777
2015-03-31,201404,0.068321,npMargin,sz000777
2015-03-31,201404,71099233.46,netProfit,sz000777
2015-03-31,201404,0.187621,epsTTM,sz000777
2015-03-31,201404,1029328582.85,MBRevenue,sz000777
2015-03-31,201404,383417593.0,totalShare,sz000777
2015-03-31,201404,383350922.0,liqaShare,sz000777
2015-03-31,201404,0.06867,dupontROE,sz000777
2015-03-31,201404,1.743665,dupontAssetStoEquity,sz000777
2015-03-31,201404,0.569717,dupontAssetTurn,sz000777
2015-03-31,201404,1.011786,dupontPnitoni,sz000777
2015-03-31,201404,0.068321,dupontNitogr,sz000777
2015-03-31,201404,0.911776,dupontTaxBurden,sz000777
2015-03-31,201404,0.569717,AssetTurnRatio,sz000777
2016-03-29,201504,0.020741,YOYLiability,sz000777
2016-03-29,201504,0.382072,liabilityToAsset,sz000777
2016-03-29,201504,1.618312,assetToEquity,sz000777
2016-03-29,201504,0.074855,CFOToOR,sz000777
2016-03-29,201504,0.926012,CFOToNP,sz000777
2016-03-29,201504,0.074855,CFOToGr,sz000777
2016-03-29,201504,0.062994,YOYEquity,sz000777
2016-03-29,201504,0.176618,YOYNI,sz000777
2016-03-29,201504,0.204691,YOYEPSBasic,sz000777
2016-03-29,201504,0.204487,YOYPNI,sz000777
2016-03-29,201504,0.078294,roeAvg,sz000777
2016-03-29,201504,0.080835,npMargin,sz000777
2016-03-29,201504,83656656.82,netProfit,sz000777
2016-03-29,201504,0.225987,epsTTM,sz000777
2016-03-29,201504,1014226497.99,MBRevenue,sz000777
2016-03-29,201504,383417593.0,totalShare,sz000777
2016-03-29,201504,383360292.0,liqaShare,sz000777
2016-03-29,201504,0.078294,dupontROE,sz000777
2016-03-29,201504,1.68226,dupontAssetStoEquity,sz000777
2016-03-29,201504,0.555875,dupontAssetTurn,sz000777
2016-03-29,201504,1.035751,dupontPnitoni,sz000777
2016-03-29,201504,0.080835,dupontNitogr,sz000777
2016-03-29,201504,0.945605,dupontTaxBurden,sz000777
2016-03-29,201504,0.555875,AssetTurnRatio,sz000777
2017-03-28,201604,-0.125193,YOYLiability,sz000777
2017-03-28,201604,0.330283,liabilityToAsset,sz000777
2017-03-28,201604,1.493169,assetToEquity,sz000777
2017-03-28,201604,0.011279,CFOToOR,sz000777
2017-03-28,201604,0.106695,CFOToNP,sz000777
2017-03-28,201604,0.011279,CFOToGr,sz000777
2017-03-28,201604,0.118007,YOYEquity,sz000777
2017-03-28,201604,0.222089,YOYNI,sz000777
2017-03-28,201604,0.216814,YOYEPSBasic,sz000777
2017-03-28,201604,0.216684,YOYPNI,sz000777
2017-03-28,201604,0.087286,roeAvg,sz000777
2017-03-28,201604,0.105709,npMargin,sz000777
2017-03-28,201604,102235911.03,netProfit,sz000777
2017-03-28,201604,0.274955,epsTTM,sz000777
2017-03-28,201604,951783194.7,MBRevenue,sz000777
2017-03-28,201604,383417593.0,totalShare,sz000777
2017-03-28,201604,383358954.0,liqaShare,sz000777
2017-03-28,201604,0.087286,dupontROE,sz000777
2017-03-28,201604,1.583744,dupontAssetStoEquity,sz000777
2017-03-28,201604,0.505613,dupontAssetTurn,sz000777
2017-03-28,201604,1.031171,dupontPnitoni,sz000777
2017-03-28,201604,0.105709,dupontNitogr,sz000777
2017-03-28,201604,0.959604,dupontTaxBurden,sz000777
2017-03-28,201604,0.505613,AssetTurnRatio,sz000777
2018-03-27,201704,0.226201,YOYLiability,sz000777
2018-03-27,201704,0.377156,liabilityToAsset,sz000777
2018-03-27,201704,1.605539,assetToEquity,sz000777
2018-03-27,201704,-0.087655,CFOToOR,sz000777
2018-03-27,201704,-1.91334,CFOToNP,sz000777
2018-03-27,201704,-0.087655,CFOToGr,sz000777
2018-03-27,201704,0.00212,YOYEquity,sz000777
2018-03-27,201704,-0.608419,YOYNI,sz000777
2018-03-27,201704,-0.577455,YOYEPSBasic,sz000777
2018-03-27,201704,-0.577312,YOYPNI,sz000777
2018-03-27,201704,0.034911,roeAvg,sz000777
2018-03-27,201704,0.045813,npMargin,sz000777
2018-03-27,201704,40033670.71,netProfit,sz000777
2018-03-27,201704,0.11622,epsTTM,sz000777
2018-03-27,201704,860624888.87,MBRevenue,sz000777
2018-03-27,201704,383417593.0,totalShare,sz000777
2018-03-27,201704,383406551.0,liqaShare,sz000777
2018-03-27,201704,0.034911,dupontROE,sz000777
2018-03-27,201704,1.563128,dupontAssetStoEquity,sz000777
2018-03-27,201704,0.437974,dupontAssetTurn,sz000777
2018-03-27,201704,1.113086,dupontPnitoni,sz000777
2018-03-27,201704,0.045813,dupontNitogr,sz000777
2018-03-27,201704,1.04587,dupontTaxBurden,sz000777
2018-03-27,201704,0.437974,AssetTurnRatio,sz000777
2019-03-26,201804,0.152813,YOYLiability,sz000777
2019-03-26,201804,0.398286,liabilityToAsset,sz000777
2019-03-26,201804,1.66192,assetToEquity,sz000777
2019-03-26,201804,0.046932,CFOToOR,sz000777
2019-03-26,201804,0.558846,CFOToNP,sz000777
2019-03-26,201804,0.046932,CFOToGr,sz000777
2019-03-26,201804,0.062179,YOYEquity,sz000777
2019-03-26,201804,1.572493,YOYNI,sz000777
2019-03-26,201804,1.311532,YOYEPSBasic,sz000777
2019-03-26,201804,1.311135,YOYPNI,sz000777
2019-03-26,201804,0.078168,roeAvg,sz000777
2019-03-26,201804,0.083981,npMargin,sz000777
2019-03-26,201804,102986326.82,netProfit,sz000777
2019-03-26,201804,0.268601,epsTTM,sz000777
2019-03-26,201804,1200731763.61,MBRevenue,sz000777
2019-03-26,201804,383417593.0,totalShare,sz000777
2019-03-26,201804,383406551.0,liqaShare,sz000777
2019-03-26,201804,0.078168,dupontROE,sz000777
2019-03-26,201804,1.640161,dupontAssetStoEquity,sz000777
2019-03-26,201804,0.567495,dupontAssetTurn,sz000777
2019-03-26,201804,1.0,dupontPnitoni,sz000777
2019-03-26,201804,0.083981,dupontNitogr,sz000777
2019-03-26,201804,1.016001,dupontTaxBurden,sz000777
2019-03-26,201804,0.567495,AssetTurnRatio,sz000777
2020-04-30,201904,0.052984,YOYLiability,sz000777
2020-04-30,201904,0.391127,liabilityToAsset,sz000777
2020-04-30,201904,1.642379,assetToEquity,sz000777
2020-04-30,201904,-0.062382,CFOToOR,sz000777
2020-04-30,201904,-0.581679,CFOToNP,sz000777
2020-04-30,201904,-0.062382,CFOToGr,sz000777
2020-04-30,201904,0.085016,YOYEquity,sz000777
2020-04-30,201904,0.318223,YOYNI,sz000777
2020-04-30,201904,0.318317,YOYEPSBasic,sz000777
2020-04-30,201904,0.318223,YOYPNI,sz000777
2020-04-30,201904,0.095948,roeAvg,sz000777
2020-04-30,201904,0.107245,npMargin,sz000777
2020-04-30,201904,135758936.11,netProfit,sz000777
2020-04-30,201904,0.354076,epsTTM,sz000777
2020-04-30,201904,1253907719.21,MBRevenue,sz000777
2020-04-30,201904,383417593.0,totalShare,sz000777
2020-04-30,201904,383406551.0,liqaShare,sz000777
2020-04-30,201904,0.095948,dupontROE,sz000777
2020-04-30,201904,1.651751,dupontAssetStoEquity,sz000777
2020-04-30,201904,0.541646,dupontAssetTurn,sz000777
2020-04-30,201904,1.0,dupontPnitoni,sz000777
2020-04-30,201904,0.107245,dupontNitogr,sz000777
2020-04-30,201904,1.051553,dupontTaxBurden,sz000777
2020-04-30,201904,0.541646,AssetTurnRatio,sz000777
2021-04-28,202004,-0.023396,YOYLiability,sz000777
2021-04-28,202004,0.374307,liabilityToAsset,sz000777
2021-04-28,202004,1.598227,assetToEquity,sz000777
2021-04-28,202004,-0.012964,CFOToOR,sz000777
2021-04-28,202004,-0.144581,CFOToNP,sz000777
2021-04-28,202004,-0.012964,CFOToGr,sz000777
2021-04-28,202004,0.048682,YOYEquity,sz000777
2021-04-28,202004,-0.229295,YOYNI,sz000777
2021-04-28,202004,-0.229314,YOYEPSBasic,sz000777
2021-04-28,202004,-0.229295,YOYPNI,sz000777
2021-04-28,202004,0.069362,roeAvg,sz000777
2021-04-28,202004,0.089668,npMargin,sz000777
2021-04-28,202004,104630026.73,netProfit,sz000777
2021-04-28,202004,0.272888,epsTTM,sz000777
2021-04-28,202004,1152129774.69,MBRevenue,sz000777
2021-04-28,202004,383417593.0,totalShare,sz000777
2021-04-28,202004,383406551.0,liqaShare,sz000777
2021-04-28,202004,0.069362,dupontROE,sz000777
2021-04-28,202004,1.619779,dupontAssetStoEquity,sz000777
2021-04-28,202004,0.477561,dupontAssetTurn,sz000777
2021-04-28,202004,1.0,dupontPnitoni,sz000777
2021-04-28,202004,0.089668,dupontNitogr,sz000777
2021-04-28,202004,0.996453,dupontTaxBurden,sz000777
2021-04-28,202004,0.477561,AssetTurnRatio,sz000777
2022-04-21,202104,0.370868,YOYLiability,sz000777
2022-04-21,202104,0.432095,liabilityToAsset,sz000777
2022-04-21,202104,1.760857,assetToEquity,sz000777
2022-04-21,202104,0.090657,CFOToOR,sz000777
2022-04-21,202104,1.175422,CFOToNP,sz000777
2022-04-21,202104,0.090657,CFOToGr,sz000777
2022-04-21,202104,0.077851,YOYEquity,sz000777
2022-04-21,202104,0.148133,YOYNI,sz000777
2022-04-21,202104,0.148148,YOYEPSBasic,sz000777
2022-04-21,202104,0.148133,YOYPNI,sz000777
2022-04-21,202104,0.074874,roeAvg,sz000777
2022-04-21,202104,0.077127,npMargin,sz000777
2022-04-21,202104,120129234.65,netProfit,sz000777
2022-04-21,202104,0.310735,epsTTM,sz000777
2022-04-21,202104,1557541050.11,MBRevenue,sz000777
2022-04-21,202104,386597593.0,totalShare,sz000777
2022-04-21,202104,383406551.0,liqaShare,sz000777
2022-04-21,202104,0.074874,dupontROE,sz000777
2022-04-21,202104,1.682589,dupontAssetStoEquity,sz000777
2022-04-21,202104,0.576958,dupontAssetTurn,sz000777
2022-04-21,202104,1.0,dupontPnitoni,sz000777
2022-04-21,202104,0.077127,dupontNitogr,sz000777
2022-04-21,202104,1.002497,dupontTaxBurden,sz000777
2022-04-21,202104,0.576958,AssetTurnRatio,sz000777
